$GPRMC,061807.00,A,4001.4906698,N,11617.2357373,E,0.05,0.00,060119,0.0,E,D*3F
$GPGGA,061807.00,4001.4906698,N,11617.2357373,E,4,16,1.0,65.239,M,-9.546,M,1.0,*6D
$GPGSA,A,3,10,12,14,20,25,31,32,,,,,,2.7,1.3,2.4,1*2F
$GPGSV,2,1,07,10,46,184,47,12,34,051,46,14,58,317,46,20,19,171,40,1*69
$GPGSV,2,2,07,25,58,091,47,31,41,255,47,32,75,354,49,,,,,1*58
$GPRMC,061808.00,A,4001.4906244,N,11617.2356983,E,0.04,0.00,060119,0.0,E,D*30
$GPGGA,061808.00,4001.4906244,N,11617.2356983,E,4,16,1.0,65.607,M,-9.546,M,1.0,*6A
$GPGSA,A,3,10,12,14,20,25,31,32,,,,,,2.7,1.3,2.4,1*2F
$GPGSV,2,1,07,10,46,184,47,12,34,051,45,14,58,317,46,20,19,171,40,1*6A
$GPGSV,2,2,07,25,58,091,46,31,41,255,47,32,75,354,49,,,,,1*59
$GPRMC,061809.00,A,4001.4906755,N,11617.2357374,E,0.05,0.00,060119,0.0,E,D*36
$GPGGA,061809.00,4001.4906755,N,11617.2357374,E,4,16,1.0,65.594,M,-9.546,M,1.0,*64
$GPGSA,A,3,10,12,14,20,25,31,32,,,,,,2.7,1.3,2.4,1*2F
$GPGSV,2,1,07,10,46,184,47,12,34,051,46,14,58,317,46,20,19,171,40,1*69
$GPGSV,2,2,07,25,58,091,46,31,41,255,47,32,75,354,49,,,,,1*59
$GPRMC,061810.00,A,4001.4907937,N,11617.2356564,E,0.03,0.00,060119,0.0,E,D*35
$GPGGA,061810.00,4001.4907937,N,11617.2356564,E,4,16,1.0,65.298,M,-9.546,M,1.0,*6A
$GPGSA,A,3,10,12,14,20,25,31,32,,,,,,2.7,1.3,2.4,1*2F
$GPGSV,2,1,07,10,46,184,47,12,33,051,46,14,58,317,46,20,19,171,40,1*6E
$GPGSV,2,2,07,25,58,091,46,31,41,255,47,32,75,354,49,,,,,1*59
$GPRMC,061811.00,A,4001.4908099,N,11617.2356831,E,0.09,0.00,060119,0.0,E,D*31
$GPGGA,061811.00,4001.4908099,N,11617.2356831,E,4,16,1.0,65.116,M,-9.546,M,1.0,*61
$GPGSA,A,3,10,12,14,20,25,31,32,,,,,,2.7,1.3,2.4,1*2F
$GPGSV,2,1,07,10,46,184,47,12,33,051,46,14,58,317,46,20,19,171,40,1*6E
$GPGSV,2,2,07,25,58,091,46,31,41,255,47,32,75,354,49,,,,,1*59
$GPRMC,061812.00,A,4001.4907875,N,11617.2356365,E,0.04,0.00,060119,0.0,E,D*30
$GPGGA,061812.00,4001.4907875,N,11617.2356365,E,4,16,1.0,65.206,M,-9.546,M,1.0,*6F
$GPGSA,A,3,10,12,14,20,25,31,32,,,,,,2.7,1.3,2.4,1*2F
$GPGSV,2,1,07,10,46,184,47,12,33,051,46,14,58,317,46,20,19,171,40,1*6E
$GPGSV,2,2,07,25,58,091,46,31,41,255,47,32,75,354,49,,,,,1*59
$GPRMC,061813.00,A,4001.4907372,N,11617.2356211,E,0.04,0.00,060119,0.0,E,D*3F
$GPGGA,061813.00,4001.4907372,N,11617.2356211,E,4,16,1.0,65.331,M,-9.546,M,1.0,*65
$GPGSA,A,3,10,12,14,20,25,31,32,,,,,,2.7,1.3,2.4,1*2F
$GPGSV,2,1,07,10,46,184,47,12,33,051,46,14,58,317,46,20,19,171,40,1*6E
$GPGSV,2,2,07,25,58,091,46,31,41,255,46,32,75,354,49,,,,,1*58
